(kicad_pcb (version 20171130) (host pcbnew 5.1.6-c6e7f7d~87~ubuntu18.04.1)

  (general
    (thickness 1.6)
    (drawings 56)
    (tracks 1204)
    (zones 0)
    (modules 70)
    (nets 243)
  )

  (page A4)
  (layers
    (0 F.Cu signal)
    (1 In1.Cu power)
    (2 In2.Cu power)
    (31 B.Cu signal)
    (33 F.Adhes user)
    (35 F.Paste user)
    (37 F.SilkS user)
    (39 F.Mask user)
    (40 Dwgs.User user)
    (41 Cmts.User user)
    (42 Eco1.User user)
    (43 Eco2.User user)
    (44 Edge.Cuts user)
    (45 Margin user hide)
    (46 B.CrtYd user hide)
    (47 F.CrtYd user hide)
    (49 F.Fab user hide)
  )

  (setup
    (last_trace_width 0.15)
    (trace_clearance 0.15)
    (zone_clearance 0.3)
    (zone_45_only no)
    (trace_min 0.15)
    (via_size 0.6)
    (via_drill 0.3)
    (via_min_size 0.4)
    (via_min_drill 0.3)
    (uvia_size 0.3)
    (uvia_drill 0.1)
    (uvias_allowed no)
    (uvia_min_size 0.2)
    (uvia_min_drill 0.1)
    (edge_width 0.05)
    (segment_width 0.2)
    (pcb_text_width 0.3)
    (pcb_text_size 1.5 1.5)
    (mod_edge_width 0.12)
    (mod_text_size 1 1)
    (mod_text_width 0.15)
    (pad_size 6.4 6.4)
    (pad_drill 3.2)
    (pad_to_mask_clearance 0.051)
    (solder_mask_min_width 0.25)
    (aux_axis_origin 0 0)
    (visible_elements FFFFFF7F)
    (pcbplotparams
      (layerselection 0x010fc_ffffffff)
      (usegerberextensions false)
      (usegerberattributes false)
      (usegerberadvancedattributes false)
      (creategerberjobfile false)
      (excludeedgelayer true)
      (linewidth 0.100000)
      (plotframeref false)
      (viasonmask false)
      (mode 1)
      (useauxorigin false)
      (hpglpennumber 1)
      (hpglpenspeed 20)
      (hpglpendiameter 15.000000)
      (psnegative false)
      (psa4output false)
      (plotreference true)
      (plotvalue true)
      (plotinvisibletext false)
      (padsonsilk false)
      (subtractmaskfromsilk false)
      (outputformat 1)
      (mirror false)
      (drillshape 1)
      (scaleselection 1)
      (outputdirectory ""))
  )

  (net 0 "")
  (net 1 GND)
  (net 2 +3V3)
  (net 3 "Net-(D1-Pad1)")
  (net 4 +5V)
  (net 5 "Net-(U3-Pad4)")
  (net 6 "Net-(U4-Pad4)")
  (net 7 "Net-(D3-Pad2)")
  (net 8 "Net-(D4-Pad2)")
  (net 9 "Net-(D5-Pad2)")
  (net 10 +3.3VP)
  (net 11 "Net-(Q1-Pad3)")
  (net 12 /3v3)
  (net 13 /pi_3v3)
  (net 14 /gp2)
  (net 15 /gp3)
  (net 16 /gp4)
  (net 17 /gp14)
  (net 18 /gp15)
  (net 19 /gp18)
  (net 20 /gp22)
  (net 21 /gp23)
  (net 22 /gp24)
  (net 23 /gp25)
  (net 24 /gp0)
  (net 25 /gp1)
  (net 26 /gp5)
  (net 27 /gp19)
  (net 28 /gp26)
  (net 29 /pi_3v3_2)
  (net 30 "Net-(U1-PadB2)")
  (net 31 "Net-(U1-PadF2)")
  (net 32 "Net-(U1-PadG2)")
  (net 33 "Net-(U1-PadH2)")
  (net 34 "Net-(U1-PadJ2)")
  (net 35 "Net-(U1-PadK2)")
  (net 36 "Net-(U1-PadM2)")
  (net 37 "Net-(U1-PadP2)")
  (net 38 "Net-(U1-PadB3)")
  (net 39 "Net-(U1-PadC3)")
  (net 40 "Net-(U1-PadD3)")
  (net 41 "Net-(U1-PadE3)")
  (net 42 "Net-(U1-PadF3)")
  (net 43 "Net-(U1-PadG3)")
  (net 44 "Net-(U1-PadH3)")
  (net 45 "Net-(U1-PadJ3)")
  (net 46 "Net-(U1-PadK3)")
  (net 47 "Net-(U1-PadL3)")
  (net 48 "Net-(U1-PadM3)")
  (net 49 "Net-(U1-PadN3)")
  (net 50 "Net-(U1-PadP3)")
  (net 51 "Net-(U1-PadC4)")
  (net 52 "Net-(U1-PadD4)")
  (net 53 "Net-(U1-PadE4)")
  (net 54 "Net-(U1-PadF4)")
  (net 55 "Net-(U1-PadG4)")
  (net 56 "Net-(U1-PadH4)")
  (net 57 "Net-(U1-PadJ4)")
  (net 58 "Net-(U1-PadK4)")
  (net 59 "Net-(U1-PadL4)")
  (net 60 "Net-(U1-PadM4)")
  (net 61 "Net-(U1-PadN4)")
  (net 62 "Net-(U1-PadP4)")
  (net 63 "Net-(U1-PadC5)")
  (net 64 "Net-(U1-PadD5)")
  (net 65 "Net-(U1-PadE5)")
  (net 66 "Net-(U1-PadF5)")
  (net 67 "Net-(U1-PadG5)")
  (net 68 "Net-(U1-PadH5)")
  (net 69 "Net-(U1-PadJ5)")
  (net 70 "Net-(U1-PadK5)")
  (net 71 "Net-(U1-PadL5)")
  (net 72 "Net-(U1-PadM5)")
  (net 73 "Net-(U1-PadN5)")
  (net 74 "Net-(U1-PadP5)")
  (net 75 "Net-(U1-PadC6)")
  (net 76 "Net-(U1-PadD6)")
  (net 77 "Net-(U1-PadE6)")
  (net 78 "Net-(U1-PadM6)")
  (net 79 "Net-(U1-PadN6)")
  (net 80 "Net-(U1-PadP6)")
  (net 81 "Net-(U1-PadR6)")
  (net 82 "Net-(U1-PadB7)")
  (net 83 "Net-(U1-PadC7)")
  (net 84 "Net-(U1-PadD7)")
  (net 85 "Net-(U1-PadE7)")
  (net 86 "Net-(U1-PadP7)")
  (net 87 "Net-(U1-PadR7)")
  (net 88 "Net-(U1-PadB8)")
  (net 89 "Net-(U1-PadC8)")
  (net 90 "Net-(U1-PadD8)")
  (net 91 "Net-(U1-PadE8)")
  (net 92 "Net-(U1-PadM8)")
  (net 93 "Net-(U1-PadP8)")
  (net 94 "Net-(U1-PadR8)")
  (net 95 "Net-(U1-PadB9)")
  (net 96 "Net-(U1-PadC9)")
  (net 97 "Net-(U1-PadD9)")
  (net 98 "Net-(U1-PadE9)")
  (net 99 "Net-(U1-PadM9)")
  (net 100 "Net-(U1-PadT9)")
  (net 101 "Net-(U1-PadB10)")
  (net 102 "Net-(U1-PadC10)")
  (net 103 "Net-(U1-PadD10)")
  (net 104 "Net-(U1-PadE10)")
  (net 105 "Net-(U1-PadB11)")
  (net 106 "Net-(U1-PadC11)")
  (net 107 "Net-(U1-PadD11)")
  (net 108 "Net-(U1-PadE11)")
  (net 109 "Net-(U1-PadM11)")
  (net 110 "Net-(U1-PadN11)")
  (net 111 "Net-(U1-PadP11)")
  (net 112 "Net-(U1-PadB12)")
  (net 113 "Net-(U1-PadC12)")
  (net 114 "Net-(U1-PadD12)")
  (net 115 "Net-(U1-PadE12)")
  (net 116 "Net-(U1-PadF12)")
  (net 117 "Net-(U1-PadG12)")
  (net 118 "Net-(U1-PadH12)")
  (net 119 "Net-(U1-PadJ12)")
  (net 120 "Net-(U1-PadK12)")
  (net 121 "Net-(U1-PadL12)")
  (net 122 "Net-(U1-PadM12)")
  (net 123 "Net-(U1-PadN12)")
  (net 124 "Net-(U1-PadP12)")
  (net 125 "Net-(U1-PadR12)")
  (net 126 "Net-(U1-PadB13)")
  (net 127 "Net-(U1-PadC13)")
  (net 128 "Net-(U1-PadD13)")
  (net 129 "Net-(U1-PadE13)")
  (net 130 "Net-(U1-PadF13)")
  (net 131 "Net-(U1-PadG13)")
  (net 132 "Net-(U1-PadH13)")
  (net 133 "Net-(U1-PadJ13)")
  (net 134 "Net-(U1-PadK13)")
  (net 135 "Net-(U1-PadL13)")
  (net 136 "Net-(U1-PadM13)")
  (net 137 "Net-(U1-PadN13)")
  (net 138 "Net-(U1-PadP13)")
  (net 139 "Net-(U1-PadR13)")
  (net 140 "Net-(U1-PadB14)")
  (net 141 "Net-(U1-PadC14)")
  (net 142 "Net-(U1-PadD14)")
  (net 143 "Net-(U1-PadE14)")
  (net 144 "Net-(U1-PadF14)")
  (net 145 "Net-(U1-PadG14)")
  (net 146 "Net-(U1-PadH14)")
  (net 147 "Net-(U1-PadJ14)")
  (net 148 "Net-(U1-PadK14)")
  (net 149 "Net-(U1-PadL14)")
  (net 150 "Net-(U1-PadM14)")
  (net 151 "Net-(U1-PadN14)")
  (net 152 "Net-(U1-PadP14)")
  (net 153 "Net-(U1-PadR14)")
  (net 154 "Net-(U1-PadT14)")
  (net 155 "Net-(U1-PadB15)")
  (net 156 "Net-(U1-PadF15)")
  (net 157 "Net-(U1-PadG15)")
  (net 158 "Net-(U1-PadH15)")
  (net 159 "Net-(U1-PadJ15)")
  (net 160 "Net-(U1-PadK15)")
  (net 161 "Net-(U1-PadM15)")
  (net 162 "Net-(U1-PadP15)")
  (net 163 "Net-(U1-PadR15)")
  (net 164 "Net-(U1-PadT15)")
  (net 165 +1V1)
  (net 166 /1v1)
  (net 167 /2v5)
  (net 168 cdone)
  (net 169 creset)
  (net 170 sdo)
  (net 171 sdi)
  (net 172 sd_clk)
  (net 173 sd_cs)
  (net 174 +2V5)
  (net 175 sd_io2)
  (net 176 sd_io3)
  (net 177 /fpga/tdo)
  (net 178 /fpga/tck)
  (net 179 /fpga/tdi)
  (net 180 /fpga/tms)
  (net 181 "Net-(U5-Pad4)")
  (net 182 clk)
  (net 183 p2_7)
  (net 184 p2_1)
  (net 185 p2_8)
  (net 186 p2_2)
  (net 187 p2_9)
  (net 188 p2_3)
  (net 189 p2_10)
  (net 190 p2_4)
  (net 191 p1_4)
  (net 192 p1_10)
  (net 193 p1_3)
  (net 194 p1_9)
  (net 195 p1_2)
  (net 196 p1_8)
  (net 197 p1_1)
  (net 198 p1_7)
  (net 199 p4_7)
  (net 200 p4_1)
  (net 201 p4_8)
  (net 202 p4_2)
  (net 203 p4_9)
  (net 204 p4_3)
  (net 205 p4_10)
  (net 206 p4_4)
  (net 207 p3_9)
  (net 208 p3_10)
  (net 209 p3_4)
  (net 210 p3_3)
  (net 211 p3_2)
  (net 212 p3_8)
  (net 213 p3_1)
  (net 214 p3_7)
  (net 215 p5_4)
  (net 216 p5_10)
  (net 217 p5_3)
  (net 218 p5_9)
  (net 219 p5_2)
  (net 220 p5_8)
  (net 221 p5_1)
  (net 222 p5_7)
  (net 223 p6_7)
  (net 224 p6_1)
  (net 225 p6_8)
  (net 226 p6_2)
  (net 227 p6_9)
  (net 228 p6_3)
  (net 229 p6_10)
  (net 230 p6_4)
  (net 231 led1)
  (net 232 led2)
  (net 233 gp6)
  (net 234 gp12)
  (net 235 gp13)
  (net 236 gp16)
  (net 237 button1)
  (net 238 button2)
  (net 239 ce1)
  (net 240 "Net-(R5-Pad1)")
  (net 241 "Net-(R4-Pad2)")
  (net 242 "Net-(R7-Pad2)")

  (net_class Default "This is the default net class."
    (clearance 0.15)
    (trace_width 0.15)
    (via_dia 0.6)
    (via_drill 0.3)
    (uvia_dia 0.3)
    (uvia_drill 0.1)
    (add_net /fpga/tck)
    (add_net /fpga/tdi)
    (add_net /fpga/tdo)
    (add_net /fpga/tms)
    (add_net /gp0)
    (add_net /gp1)
    (add_net /gp14)
    (add_net /gp15)
    (add_net /gp18)
    (add_net /gp19)
    (add_net /gp2)
    (add_net /gp22)
    (add_net /gp23)
    (add_net /gp24)
    (add_net /gp25)
    (add_net /gp26)
    (add_net /gp3)
    (add_net /gp4)
    (add_net /gp5)
    (add_net /pi_3v3)
    (add_net /pi_3v3_2)
    (add_net "Net-(D1-Pad1)")
    (add_net "Net-(D3-Pad2)")
    (add_net "Net-(D4-Pad2)")
    (add_net "Net-(D5-Pad2)")
    (add_net "Net-(Q1-Pad3)")
    (add_net "Net-(R4-Pad2)")
    (add_net "Net-(R5-Pad1)")
    (add_net "Net-(R7-Pad2)")
    (add_net "Net-(U1-PadB10)")
    (add_net "Net-(U1-PadB11)")
    (add_net "Net-(U1-PadB12)")
    (add_net "Net-(U1-PadB13)")
    (add_net "Net-(U1-PadB14)")
    (add_net "Net-(U1-PadB15)")
    (add_net "Net-(U1-PadB2)")
    (add_net "Net-(U1-PadB3)")
    (add_net "Net-(U1-PadB7)")
    (add_net "Net-(U1-PadB8)")
    (add_net "Net-(U1-PadB9)")
    (add_net "Net-(U1-PadC10)")
    (add_net "Net-(U1-PadC11)")
    (add_net "Net-(U1-PadC12)")
    (add_net "Net-(U1-PadC13)")
    (add_net "Net-(U1-PadC14)")
    (add_net "Net-(U1-PadC3)")
    (add_net "Net-(U1-PadC4)")
    (add_net "Net-(U1-PadC5)")
    (add_net "Net-(U1-PadC6)")
    (add_net "Net-(U1-PadC7)")
    (add_net "Net-(U1-PadC8)")
    (add_net "Net-(U1-PadC9)")
    (add_net "Net-(U1-PadD10)")
    (add_net "Net-(U1-PadD11)")
    (add_net "Net-(U1-PadD12)")
    (add_net "Net-(U1-PadD13)")
    (add_net "Net-(U1-PadD14)")
    (add_net "Net-(U1-PadD3)")
    (add_net "Net-(U1-PadD4)")
    (add_net "Net-(U1-PadD5)")
    (add_net "Net-(U1-PadD6)")
    (add_net "Net-(U1-PadD7)")
    (add_net "Net-(U1-PadD8)")
    (add_net "Net-(U1-PadD9)")
    (add_net "Net-(U1-PadE10)")
    (add_net "Net-(U1-PadE11)")
    (add_net "Net-(U1-PadE12)")
    (add_net "Net-(U1-PadE13)")
    (add_net "Net-(U1-PadE14)")
    (add_net "Net-(U1-PadE3)")
    (add_net "Net-(U1-PadE4)")
    (add_net "Net-(U1-PadE5)")
    (add_net "Net-(U1-PadE6)")
    (add_net "Net-(U1-PadE7)")
    (add_net "Net-(U1-PadE8)")
    (add_net "Net-(U1-PadE9)")
    (add_net "Net-(U1-PadF12)")
    (add_net "Net-(U1-PadF13)")
    (add_net "Net-(U1-PadF14)")
    (add_net "Net-(U1-PadF15)")
    (add_net "Net-(U1-PadF2)")
    (add_net "Net-(U1-PadF3)")
    (add_net "Net-(U1-PadF4)")
    (add_net "Net-(U1-PadF5)")
    (add_net "Net-(U1-PadG12)")
    (add_net "Net-(U1-PadG13)")
    (add_net "Net-(U1-PadG14)")
    (add_net "Net-(U1-PadG15)")
    (add_net "Net-(U1-PadG2)")
    (add_net "Net-(U1-PadG3)")
    (add_net "Net-(U1-PadG4)")
    (add_net "Net-(U1-PadG5)")
    (add_net "Net-(U1-PadH12)")
    (add_net "Net-(U1-PadH13)")
    (add_net "Net-(U1-PadH14)")
    (add_net "Net-(U1-PadH15)")
    (add_net "Net-(U1-PadH2)")
    (add_net "Net-(U1-PadH3)")
    (add_net "Net-(U1-PadH4)")
    (add_net "Net-(U1-PadH5)")
    (add_net "Net-(U1-PadJ12)")
    (add_net "Net-(U1-PadJ13)")
    (add_net "Net-(U1-PadJ14)")
    (add_net "Net-(U1-PadJ15)")
    (add_net "Net-(U1-PadJ2)")
    (add_net "Net-(U1-PadJ3)")
    (add_net "Net-(U1-PadJ4)")
    (add_net "Net-(U1-PadJ5)")
    (add_net "Net-(U1-PadK12)")
    (add_net "Net-(U1-PadK13)")
    (add_net "Net-(U1-PadK14)")
    (add_net "Net-(U1-PadK15)")
    (add_net "Net-(U1-PadK2)")
    (add_net "Net-(U1-PadK3)")
    (add_net "Net-(U1-PadK4)")
    (add_net "Net-(U1-PadK5)")
    (add_net "Net-(U1-PadL12)")
    (add_net "Net-(U1-PadL13)")
    (add_net "Net-(U1-PadL14)")
    (add_net "Net-(U1-PadL3)")
    (add_net "Net-(U1-PadL4)")
    (add_net "Net-(U1-PadL5)")
    (add_net "Net-(U1-PadM11)")
    (add_net "Net-(U1-PadM12)")
    (add_net "Net-(U1-PadM13)")
    (add_net "Net-(U1-PadM14)")
    (add_net "Net-(U1-PadM15)")
    (add_net "Net-(U1-PadM2)")
    (add_net "Net-(U1-PadM3)")
    (add_net "Net-(U1-PadM4)")
    (add_net "Net-(U1-PadM5)")
    (add_net "Net-(U1-PadM6)")
    (add_net "Net-(U1-PadM8)")
    (add_net "Net-(U1-PadM9)")
    (add_net "Net-(U1-PadN11)")
    (add_net "Net-(U1-PadN12)")
    (add_net "Net-(U1-PadN13)")
    (add_net "Net-(U1-PadN14)")
    (add_net "Net-(U1-PadN3)")
    (add_net "Net-(U1-PadN4)")
    (add_net "Net-(U1-PadN5)")
    (add_net "Net-(U1-PadN6)")
    (add_net "Net-(U1-PadP11)")
    (add_net "Net-(U1-PadP12)")
    (add_net "Net-(U1-PadP13)")
    (add_net "Net-(U1-PadP14)")
    (add_net "Net-(U1-PadP15)")
    (add_net "Net-(U1-PadP2)")
    (add_net "Net-(U1-PadP3)")
    (add_net "Net-(U1-PadP4)")
    (add_net "Net-(U1-PadP5)")
    (add_net "Net-(U1-PadP6)")
    (add_net "Net-(U1-PadP7)")
    (add_net "Net-(U1-PadP8)")
    (add_net "Net-(U1-PadR12)")
    (add_net "Net-(U1-PadR13)")
    (add_net "Net-(U1-PadR14)")
    (add_net "Net-(U1-PadR15)")
    (add_net "Net-(U1-PadR6)")
    (add_net "Net-(U1-PadR7)")
    (add_net "Net-(U1-PadR8)")
    (add_net "Net-(U1-PadT14)")
    (add_net "Net-(U1-PadT15)")
    (add_net "Net-(U1-PadT9)")
    (add_net "Net-(U3-Pad4)")
    (add_net "Net-(U4-Pad4)")
    (add_net "Net-(U5-Pad4)")
    (add_net button1)
    (add_net button2)
    (add_net cdone)
    (add_net ce1)
    (add_net clk)
    (add_net creset)
    (add_net gp12)
    (add_net gp13)
    (add_net gp16)
    (add_net gp6)
    (add_net led1)
    (add_net led2)
    (add_net p1_1)
    (add_net p1_10)
    (add_net p1_2)
    (add_net p1_3)
    (add_net p1_4)
    (add_net p1_7)
    (add_net p1_8)
    (add_net p1_9)
    (add_net p2_1)
    (add_net p2_10)
    (add_net p2_2)
    (add_net p2_3)
    (add_net p2_4)
    (add_net p2_7)
    (add_net p2_8)
    (add_net p2_9)
    (add_net p3_1)
    (add_net p3_10)
    (add_net p3_2)
    (add_net p3_3)
    (add_net p3_4)
    (add_net p3_7)
    (add_net p3_8)
    (add_net p3_9)
    (add_net p4_1)
    (add_net p4_10)
    (add_net p4_2)
    (add_net p4_3)
    (add_net p4_4)
    (add_net p4_7)
    (add_net p4_8)
    (add_net p4_9)
    (add_net p5_1)
    (add_net p5_10)
    (add_net p5_2)
    (add_net p5_3)
    (add_net p5_4)
    (add_net p5_7)
    (add_net p5_8)
    (add_net p5_9)
    (add_net p6_1)
    (add_net p6_10)
    (add_net p6_2)
    (add_net p6_3)
    (add_net p6_4)
    (add_net p6_7)
    (add_net p6_8)
    (add_net p6_9)
    (add_net sd_clk)
    (add_net sd_cs)
    (add_net sd_io2)
    (add_net sd_io3)
    (add_net sdi)
    (add_net sdo)
  )

  (net_class power ""
    (clearance 0.16)
    (trace_width 0.4)
    (via_dia 0.6)
    (via_drill 0.3)
    (uvia_dia 0.3)
    (uvia_drill 0.1)
    (add_net +1V1)
    (add_net +2V5)
    (add_net +3V3)
    (add_net /1v1)
    (add_net /2v5)
    (add_net GND)
  )

  (net_class power5 ""
    (clearance 0.16)
    (trace_width 0.8)
    (via_dia 1)
    (via_drill 0.4)
    (uvia_dia 0.3)
    (uvia_drill 0.1)
    (add_net +3.3VP)
    (add_net +5V)
    (add_net /3v3)
  )

  (module Capacitor_SMD:C_0805_2012Metric (layer F.Cu) (tedit 5B36C52B) (tstamp 5E0A0894)
    (at 94.8 86 180)
    (descr "Capacitor SMD 0805 (2012 Metric), square (rectangular) end terminal, IPC_7351 nominal, (Body size source: https://docs.google.com/spreadsheets/d/1BsfQQcO9C6DZCsRaXUlFlo91Tg2WpOkGARC1WS5S8t0/edit?usp=sharing), generated with kicad-footprint-generator")
    (tags capacitor)
    (path /5E18CD3E)
    (attr smd)
    (fp_text reference C7 (at 3.3 0) (layer F.SilkS)
      (effects (font (size 1 1) (thickness 0.15)))
    )
    (fp_text value 100n (at 0 1.65) (layer F.Fab)
      (effects (font (size 1 1) (thickness 0.15)))
    )
    (fp_line (start -1 0.6) (end -1 -0.6) (layer F.Fab) (width 0.1))
    (fp_line (start -1 -0.6) (end 1 -0.6) (layer F.Fab) (width 0.1))
    (fp_line (start 1 -0.6) (end 1 0.6) (layer F.Fab) (width 0.1))
    (fp_line (start 1 0.6) (end -1 0.6) (layer F.Fab) (width 0.1))
    (fp_line (start -0.258578 -0.71) (end 0.258578 -0.71) (layer F.SilkS) (width 0.12))
    (fp_line (start -0.258578 0.71) (end 0.258578 0.71) (layer F.SilkS) (width 0.12))
    (fp_line (start -1.68 0.95) (end -1.68 -0.95) (layer F.CrtYd) (width 0.05))
    (fp_line (start -1.68 -0.95) (end 1.68 -0.95) (layer F.CrtYd) (width 0.05))
    (fp_line (start 1.68 -0.95) (end 1.68 0.95) (layer F.CrtYd) (width 0.05))
    (fp_line (start 1.68 0.95) (end -1.68 0.95) (layer F.CrtYd) (width 0.05))
    (fp_text user %R (at 0 0) (layer F.Fab)
      (effects (font (size 0.5 0.5) (thickness 0.08)))
    )
    (pad 2 smd roundrect (at 0.9375 0 180) (size 0.975 1.4) (layers F.Cu F.Paste F.Mask) (roundrect_rratio 0.25)
      (net 1 GND))
    (pad 1 smd roundrect (at -0.9375 0 180) (size 0.975 1.4) (layers F.Cu F.Paste F.Mask) (roundrect_rratio 0.25)
      (net 2 +3V3))
    (model ${KISYS3DMOD}/Capacitor_SMD.3dshapes/C_0805_2012Metric.wrl
      (at (xyz 0 0 0))
      (scale (xyz 1 1 1))
      (rotate (xyz 0 0 0))
    )
  )

  (module Capacitor_SMD:C_0805_2012Metric (layer F.Cu) (tedit 5B36C52B) (tstamp 5E0A0883)
    (at 106.8 76.2 90)
    (descr "Capacitor SMD 0805 (2012 Metric), square (rectangular) end terminal, IPC_7351 nominal, (Body size source: https://docs.google.com/spreadsheets/d/1BsfQQcO9C6DZCsRaXUlFlo91Tg2WpOkGARC1WS5S8t0/edit?usp=sharing), generated with kicad-footprint-generator")
    (tags capacitor)
    (path /5E18CD34)
    (attr smd)
    (fp_text reference C6 (at 2.5 -0.25 180) (layer F.SilkS)
      (effects (font (size 1 1) (thickness 0.15)))
    )
    (fp_text value 100n (at 0 1.65 90) (layer F.Fab)
      (effects (font (size 1 1) (thickness 0.15)))
    )
    (fp_line (start 1.68 0.95) (end -1.68 0.95) (layer F.CrtYd) (width 0.05))
    (fp_line (start 1.68 -0.95) (end 1.68 0.95) (layer F.CrtYd) (width 0.05))
    (fp_line (start -1.68 -0.95) (end 1.68 -0.95) (layer F.CrtYd) (width 0.05))
    (fp_line (start -1.68 0.95) (end -1.68 -0.95) (layer F.CrtYd) (width 0.05))
    (fp_line (start -0.258578 0.71) (end 0.258578 0.71) (layer F.SilkS) (width 0.12))
    (fp_line (start -0.258578 -0.71) (end 0.258578 -0.71) (layer F.SilkS) (width 0.12))
    (fp_line (start 1 0.6) (end -1 0.6) (layer F.Fab) (width 0.1))
    (fp_line (start 1 -0.6) (end 1 0.6) (layer F.Fab) (width 0.1))
    (fp_line (start -1 -0.6) (end 1 -0.6) (layer F.Fab) (width 0.1))
    (fp_line (start -1 0.6) (end -1 -0.6) (layer F.Fab) (width 0.1))
    (fp_text user %R (at 0 0 90) (layer F.Fab)
      (effects (font (size 0.5 0.5) (thickness 0.08)))
    )
    (pad 1 smd roundrect (at -0.9375 0 90) (size 0.975 1.4) (layers F.Cu F.Paste F.Mask) (roundrect_rratio 0.25)
      (net 2 +3V3))
    (pad 2 smd roundrect (at 0.9375 0 90) (size 0.975 1.4) (layers F.Cu F.Paste F.Mask) (roundrect_rratio 0.25)
      (net 1 GND))
    (model ${KISYS3DMOD}/Capacitor_SMD.3dshapes/C_0805_2012Metric.wrl
      (at (xyz 0 0 0))
      (scale (xyz 1 1 1))
      (rotate (xyz 0 0 0))
    )
  )

  (module Inductor_SMD:L_0805_2012Metric (layer F.Cu) (tedit 5B36C52B) (tstamp 5E0C87FF)
    (at 137.6 55.6 90)
    (descr "Inductor SMD 0805 (2012 Metric), square (rectangular) end terminal, IPC_7351 nominal, (Body size source: https://docs.google.com/spreadsheets/d/1BsfQQcO9C6DZCsRaXUlFlo91Tg2WpOkGARC1WS5S8t0/edit?usp=sharing), generated with kicad-footprint-generator")
    (tags inductor)
    (path /5E60CEE8)
    (attr smd)
    (fp_text reference L1 (at 2.4 -0.2 180) (layer F.SilkS)
      (effects (font (size 1 1) (thickness 0.15)))
    )
    (fp_text value L (at 0 1.65 90) (layer F.Fab)
      (effects (font (size 1 1) (thickness 0.15)))
    )
    (fp_line (start 1.68 0.95) (end -1.68 0.95) (layer F.CrtYd) (width 0.05))
    (fp_line (start 1.68 -0.95) (end 1.68 0.95) (layer F.CrtYd) (width 0.05))
    (fp_line (start -1.68 -0.95) (end 1.68 -0.95) (layer F.CrtYd) (width 0.05))
    (fp_line (start -1.68 0.95) (end -1.68 -0.95) (layer F.CrtYd) (width 0.05))
    (fp_line (start -0.258578 0.71) (end 0.258578 0.71) (layer F.SilkS) (width 0.12))
    (fp_line (start -0.258578 -0.71) (end 0.258578 -0.71) (layer F.SilkS) (width 0.12))
    (fp_line (start 1 0.6) (end -1 0.6) (layer F.Fab) (width 0.1))
    (fp_line (start 1 -0.6) (end 1 0.6) (layer F.Fab) (width 0.1))
    (fp_line (start -1 -0.6) (end 1 -0.6) (layer F.Fab) (width 0.1))
    (fp_line (start -1 0.6) (end -1 -0.6) (layer F.Fab) (width 0.1))
    (fp_text user %R (at 0 0 90) (layer F.Fab)
      (effects (font (size 0.5 0.5) (thickness 0.08)))
    )
    (pad 1 smd roundrect (at -0.9375 0 90) (size 0.975 1.4) (layers F.Cu F.Paste F.Mask) (roundrect_rratio 0.25)
      (net 2 +3V3))
    (pad 2 smd roundrect (at 0.9375 0 90) (size 0.975 1.4) (layers F.Cu F.Paste F.Mask) (roundrect_rratio 0.25)
      (net 10 +3.3VP))
    (model ${KISYS3DMOD}/Inductor_SMD.3dshapes/L_0805_2012Metric.wrl
      (at (xyz 0 0 0))
      (scale (xyz 1 1 1))
      (rotate (xyz 0 0 0))
    )
  )

  (module Capacitor_SMD:C_0805_2012Metric (layer F.Cu) (tedit 5B36C52B) (tstamp 5E0A082E)
    (at 138.0625 94.4)
    (descr "Capacitor SMD 0805 (2012 Metric), square (rectangular) end terminal, IPC_7351 nominal, (Body size source: https://docs.google.com/spreadsheets/d/1BsfQQcO9C6DZCsRaXUlFlo91Tg2WpOkGARC1WS5S8t0/edit?usp=sharing), generated with kicad-footprint-generator")
    (tags capacitor)
    (path /5E0FEB5C)
    (attr smd)
    (fp_text reference C1 (at 2.6 -0.2 -90) (layer F.SilkS)
      (effects (font (size 1 1) (thickness 0.15)))
    )
    (fp_text value 100n (at 0 1.65) (layer F.Fab)
      (effects (font (size 1 1) (thickness 0.15)))
    )
    (fp_line (start -1 0.6) (end -1 -0.6) (layer F.Fab) (width 0.1))
    (fp_line (start -1 -0.6) (end 1 -0.6) (layer F.Fab) (width 0.1))
    (fp_line (start 1 -0.6) (end 1 0.6) (layer F.Fab) (width 0.1))
    (fp_line (start 1 0.6) (end -1 0.6) (layer F.Fab) (width 0.1))
    (fp_line (start -0.258578 -0.71) (end 0.258578 -0.71) (layer F.SilkS) (width 0.12))
    (fp_line (start -0.258578 0.71) (end 0.258578 0.71) (layer F.SilkS) (width 0.12))
    (fp_line (start -1.68 0.95) (end -1.68 -0.95) (layer F.CrtYd) (width 0.05))
    (fp_line (start -1.68 -0.95) (end 1.68 -0.95) (layer F.CrtYd) (width 0.05))
    (fp_line (start 1.68 -0.95) (end 1.68 0.95) (layer F.CrtYd) (width 0.05))
    (fp_line (start 1.68 0.95) (end -1.68 0.95) (layer F.CrtYd) (width 0.05))
    (fp_text user %R (at 0 0) (layer F.Fab)
      (effects (font (size 0.5 0.5) (thickness 0.08)))
    )
    (pad 2 smd roundrect (at 0.9375 0) (size 0.975 1.4) (layers F.Cu F.Paste F.Mask) (roundrect_rratio 0.25)
      (net 1 GND))
    (pad 1 smd roundrect (at -0.9375 0) (size 0.975 1.4) (layers F.Cu F.Paste F.Mask) (roundrect_rratio 0.25)
      (net 2 +3V3))
    (model ${KISYS3DMOD}/Capacitor_SMD.3dshapes/C_0805_2012Metric.wrl
      (at (xyz 0 0 0))
      (scale (xyz 1 1 1))
      (rotate (xyz 0 0 0))
    )
  )

  (module Capacitor_SMD:C_0805_2012Metric (layer F.Cu) (tedit 5B36C52B) (tstamp 5E0A083F)
    (at 81 85.6 90)
    (descr "Capacitor SMD 0805 (2012 Metric), square (rectangular) end terminal, IPC_7351 nominal, (Body size source: https://docs.google.com/spreadsheets/d/1BsfQQcO9C6DZCsRaXUlFlo91Tg2WpOkGARC1WS5S8t0/edit?usp=sharing), generated with kicad-footprint-generator")
    (tags capacitor)
    (path /5E0F1E34)
    (attr smd)
    (fp_text reference C2 (at 2.6 0 180) (layer F.SilkS)
      (effects (font (size 1 1) (thickness 0.15)))
    )
    (fp_text value 100n (at 0 1.65 90) (layer F.Fab)
      (effects (font (size 1 1) (thickness 0.15)))
    )
    (fp_line (start 1.68 0.95) (end -1.68 0.95) (layer F.CrtYd) (width 0.05))
    (fp_line (start 1.68 -0.95) (end 1.68 0.95) (layer F.CrtYd) (width 0.05))
    (fp_line (start -1.68 -0.95) (end 1.68 -0.95) (layer F.CrtYd) (width 0.05))
    (fp_line (start -1.68 0.95) (end -1.68 -0.95) (layer F.CrtYd) (width 0.05))
    (fp_line (start -0.258578 0.71) (end 0.258578 0.71) (layer F.SilkS) (width 0.12))
    (fp_line (start -0.258578 -0.71) (end 0.258578 -0.71) (layer F.SilkS) (width 0.12))
    (fp_line (start 1 0.6) (end -1 0.6) (layer F.Fab) (width 0.1))
    (fp_line (start 1 -0.6) (end 1 0.6) (layer F.Fab) (width 0.1))
    (fp_line (start -1 -0.6) (end 1 -0.6) (layer F.Fab) (width 0.1))
    (fp_line (start -1 0.6) (end -1 -0.6) (layer F.Fab) (width 0.1))
    (fp_text user %R (at 0 0 90) (layer F.Fab)
      (effects (font (size 0.5 0.5) (thickness 0.08)))
    )
    (pad 1 smd roundrect (at -0.9375 0 90) (size 0.975 1.4) (layers F.Cu F.Paste F.Mask) (roundrect_rratio 0.25)
      (net 2 +3V3))
    (pad 2 smd roundrect (at 0.9375 0 90) (size 0.975 1.4) (layers F.Cu F.Paste F.Mask) (roundrect_rratio 0.25)
      (net 1 GND))
    (model ${KISYS3DMOD}/Capacitor_SMD.3dshapes/C_0805_2012Metric.wrl
      (at (xyz 0 0 0))
      (scale (xyz 1 1 1))
      (rotate (xyz 0 0 0))
    )
  )

  (module Capacitor_SMD:C_0805_2012Metric (layer F.Cu) (tedit 5B36C52B) (tstamp 5E0A0861)
    (at 97 76.2 180)
    (descr "Capacitor SMD 0805 (2012 Metric), square (rectangular) end terminal, IPC_7351 nominal, (Body size source: https://docs.google.com/spreadsheets/d/1BsfQQcO9C6DZCsRaXUlFlo91Tg2WpOkGARC1WS5S8t0/edit?usp=sharing), generated with kicad-footprint-generator")
    (tags capacitor)
    (path /5E18CD20)
    (attr smd)
    (fp_text reference C4 (at 3.5 -0.2) (layer F.SilkS)
      (effects (font (size 1 1) (thickness 0.15)))
    )
    (fp_text value 100n (at 0 1.65) (layer F.Fab)
      (effects (font (size 1 1) (thickness 0.15)))
    )
    (fp_line (start 1.68 0.95) (end -1.68 0.95) (layer F.CrtYd) (width 0.05))
    (fp_line (start 1.68 -0.95) (end 1.68 0.95) (layer F.CrtYd) (width 0.05))
    (fp_line (start -1.68 -0.95) (end 1.68 -0.95) (layer F.CrtYd) (width 0.05))
    (fp_line (start -1.68 0.95) (end -1.68 -0.95) (layer F.CrtYd) (width 0.05))
    (fp_line (start -0.258578 0.71) (end 0.258578 0.71) (layer F.SilkS) (width 0.12))
    (fp_line (start -0.258578 -0.71) (end 0.258578 -0.71) (layer F.SilkS) (width 0.12))
    (fp_line (start 1 0.6) (end -1 0.6) (layer F.Fab) (width 0.1))
    (fp_line (start 1 -0.6) (end 1 0.6) (layer F.Fab) (width 0.1))
    (fp_line (start -1 -0.6) (end 1 -0.6) (layer F.Fab) (width 0.1))
    (fp_line (start -1 0.6) (end -1 -0.6) (layer F.Fab) (width 0.1))
    (fp_text user %R (at 0.25 0) (layer F.Fab)
      (effects (font (size 0.5 0.5) (thickness 0.08)))
    )
    (pad 1 smd roundrect (at -0.9375 0 180) (size 0.975 1.4) (layers F.Cu F.Paste F.Mask) (roundrect_rratio 0.25)
      (net 2 +3V3))
    (pad 2 smd roundrect (at 0.9375 0 180) (size 0.975 1.4) (layers F.Cu F.Paste F.Mask) (roundrect_rratio 0.25)
      (net 1 GND))
    (model ${KISYS3DMOD}/Capacitor_SMD.3dshapes/C_0805_2012Metric.wrl
      (at (xyz 0 0 0))
      (scale (xyz 1 1 1))
      (rotate (xyz 0 0 0))
    )
  )

  (module Capacitor_SMD:C_0805_2012Metric (layer F.Cu) (tedit 5B36C52B) (tstamp 5E0A0872)
    (at 113.8 74.6 90)
    (descr "Capacitor SMD 0805 (2012 Metric), square (rectangular) end terminal, IPC_7351 nominal, (Body size source: https://docs.google.com/spreadsheets/d/1BsfQQcO9C6DZCsRaXUlFlo91Tg2WpOkGARC1WS5S8t0/edit?usp=sharing), generated with kicad-footprint-generator")
    (tags capacitor)
    (path /5E18CD2A)
    (attr smd)
    (fp_text reference C5 (at 3.1 -1.3 180) (layer F.SilkS)
      (effects (font (size 1 1) (thickness 0.15)))
    )
    (fp_text value 100n (at 0 1.65 90) (layer F.Fab)
      (effects (font (size 1 1) (thickness 0.15)))
    )
    (fp_line (start -1 0.6) (end -1 -0.6) (layer F.Fab) (width 0.1))
    (fp_line (start -1 -0.6) (end 1 -0.6) (layer F.Fab) (width 0.1))
    (fp_line (start 1 -0.6) (end 1 0.6) (layer F.Fab) (width 0.1))
    (fp_line (start 1 0.6) (end -1 0.6) (layer F.Fab) (width 0.1))
    (fp_line (start -0.258578 -0.71) (end 0.258578 -0.71) (layer F.SilkS) (width 0.12))
    (fp_line (start -0.258578 0.71) (end 0.258578 0.71) (layer F.SilkS) (width 0.12))
    (fp_line (start -1.68 0.95) (end -1.68 -0.95) (layer F.CrtYd) (width 0.05))
    (fp_line (start -1.68 -0.95) (end 1.68 -0.95) (layer F.CrtYd) (width 0.05))
    (fp_line (start 1.68 -0.95) (end 1.68 0.95) (layer F.CrtYd) (width 0.05))
    (fp_line (start 1.68 0.95) (end -1.68 0.95) (layer F.CrtYd) (width 0.05))
    (fp_text user %R (at 0 0 90) (layer F.Fab)
      (effects (font (size 0.5 0.5) (thickness 0.08)))
    )
    (pad 2 smd roundrect (at 0.9375 0 90) (size 0.975 1.4) (layers F.Cu F.Paste F.Mask) (roundrect_rratio 0.25)
      (net 1 GND))
    (pad 1 smd roundrect (at -0.9375 0 90) (size 0.975 1.4) (layers F.Cu F.Paste F.Mask) (roundrect_rratio 0.25)
      (net 2 +3V3))
    (model ${KISYS3DMOD}/Capacitor_SMD.3dshapes/C_0805_2012Metric.wrl
      (at (xyz 0 0 0))
      (scale (xyz 1 1 1))
      (rotate (xyz 0 0 0))
    )
  )

  (module Capacitor_SMD:C_0805_2012Metric (layer F.Cu) (tedit 5B36C52B) (tstamp 5E0A08A5)
    (at 104.8 76.2 90)
    (descr "Capacitor SMD 0805 (2012 Metric), square (rectangular) end terminal, IPC_7351 nominal, (Body size source: https://docs.google.com/spreadsheets/d/1BsfQQcO9C6DZCsRaXUlFlo91Tg2WpOkGARC1WS5S8t0/edit?usp=sharing), generated with kicad-footprint-generator")
    (tags capacitor)
    (path /5E0DCA4D)
    (attr smd)
    (fp_text reference C8 (at 0 -1.65 90) (layer F.SilkS)
      (effects (font (size 1 1) (thickness 0.15)))
    )
    (fp_text value 100n (at 0 1.65 90) (layer F.Fab)
      (effects (font (size 1 1) (thickness 0.15)))
    )
    (fp_line (start -1 0.6) (end -1 -0.6) (layer F.Fab) (width 0.1))
    (fp_line (start -1 -0.6) (end 1 -0.6) (layer F.Fab) (width 0.1))
    (fp_line (start 1 -0.6) (end 1 0.6) (layer F.Fab) (width 0.1))
    (fp_line (start 1 0.6) (end -1 0.6) (layer F.Fab) (width 0.1))
    (fp_line (start -0.258578 -0.71) (end 0.258578 -0.71) (layer F.SilkS) (width 0.12))
    (fp_line (start -0.258578 0.71) (end 0.258578 0.71) (layer F.SilkS) (width 0.12))
    (fp_line (start -1.68 0.95) (end -1.68 -0.95) (layer F.CrtYd) (width 0.05))
    (fp_line (start -1.68 -0.95) (end 1.68 -0.95) (layer F.CrtYd) (width 0.05))
    (fp_line (start 1.68 -0.95) (end 1.68 0.95) (layer F.CrtYd) (width 0.05))
    (fp_line (start 1.68 0.95) (end -1.68 0.95) (layer F.CrtYd) (width 0.05))
    (fp_text user %R (at 0 0 90) (layer F.Fab)
      (effects (font (size 0.5 0.5) (thickness 0.08)))
    )
    (pad 2 smd roundrect (at 0.9375 0 90) (size 0.975 1.4) (layers F.Cu F.Paste F.Mask) (roundrect_rratio 0.25)
      (net 1 GND))
    (pad 1 smd roundrect (at -0.9375 0 90) (size 0.975 1.4) (layers F.Cu F.Paste F.Mask) (roundrect_rratio 0.25)
      (net 165 +1V1))
    (model ${KISYS3DMOD}/Capacitor_SMD.3dshapes/C_0805_2012Metric.wrl
      (at (xyz 0 0 0))
      (scale (xyz 1 1 1))
      (rotate (xyz 0 0 0))
    )
  )

  (module Capacitor_SMD:C_0805_2012Metric (layer F.Cu) (tedit 5B36C52B) (tstamp 5E0A08C7)
    (at 117.8 74.5375 90)
    (descr "Capacitor SMD 0805 (2012 Metric), square (rectangular) end terminal, IPC_7351 nominal, (Body size source: https://docs.google.com/spreadsheets/d/1BsfQQcO9C6DZCsRaXUlFlo91Tg2WpOkGARC1WS5S8t0/edit?usp=sharing), generated with kicad-footprint-generator")
    (tags capacitor)
    (path /5E0E1158)
    (attr smd)
    (fp_text reference C10 (at 3.0375 1.2 180) (layer F.SilkS)
      (effects (font (size 1 1) (thickness 0.15)))
    )
    (fp_text value 100n (at 0 1.65 90) (layer F.Fab)
      (effects (font (size 1 1) (thickness 0.15)))
    )
    (fp_line (start -1 0.6) (end -1 -0.6) (layer F.Fab) (width 0.1))
    (fp_line (start -1 -0.6) (end 1 -0.6) (layer F.Fab) (width 0.1))
    (fp_line (start 1 -0.6) (end 1 0.6) (layer F.Fab) (width 0.1))
    (fp_line (start 1 0.6) (end -1 0.6) (layer F.Fab) (width 0.1))
    (fp_line (start -0.258578 -0.71) (end 0.258578 -0.71) (layer F.SilkS) (width 0.12))
    (fp_line (start -0.258578 0.71) (end 0.258578 0.71) (layer F.SilkS) (width 0.12))
    (fp_line (start -1.68 0.95) (end -1.68 -0.95) (layer F.CrtYd) (width 0.05))
    (fp_line (start -1.68 -0.95) (end 1.68 -0.95) (layer F.CrtYd) (width 0.05))
    (fp_line (start 1.68 -0.95) (end 1.68 0.95) (layer F.CrtYd) (width 0.05))
    (fp_line (start 1.68 0.95) (end -1.68 0.95) (layer F.CrtYd) (width 0.05))
    (fp_text user %R (at 0 0.1 90) (layer F.Fab)
      (effects (font (size 0.5 0.5) (thickness 0.08)))
    )
    (pad 2 smd roundrect (at 0.9375 0 90) (size 0.975 1.4) (layers F.Cu F.Paste F.Mask) (roundrect_rratio 0.25)
      (net 1 GND))
    (pad 1 smd roundrect (at -0.9375 0 90) (size 0.975 1.4) (layers F.Cu F.Paste F.Mask) (roundrect_rratio 0.25)
      (net 165 +1V1))
    (model ${KISYS3DMOD}/Capacitor_SMD.3dshapes/C_0805_2012Metric.wrl
      (at (xyz 0 0 0))
      (scale (xyz 1 1 1))
      (rotate (xyz 0 0 0))
    )
  )

  (module Capacitor_SMD:C_0805_2012Metric (layer F.Cu) (tedit 5B36C52B) (tstamp 5E0A08D8)
    (at 94.8 88 180)
    (descr "Capacitor SMD 0805 (2012 Metric), square (rectangular) end terminal, IPC_7351 nominal, (Body size source: https://docs.google.com/spreadsheets/d/1BsfQQcO9C6DZCsRaXUlFlo91Tg2WpOkGARC1WS5S8t0/edit?usp=sharing), generated with kicad-footprint-generator")
    (tags capacitor)
    (path /5E0E1726)
    (attr smd)
    (fp_text reference C11 (at 3.8 0) (layer F.SilkS)
      (effects (font (size 1 1) (thickness 0.15)))
    )
    (fp_text value 100n (at 0 1.65) (layer F.Fab)
      (effects (font (size 1 1) (thickness 0.15)))
    )
    (fp_line (start 1.68 0.95) (end -1.68 0.95) (layer F.CrtYd) (width 0.05))
    (fp_line (start 1.68 -0.95) (end 1.68 0.95) (layer F.CrtYd) (width 0.05))
    (fp_line (start -1.68 -0.95) (end 1.68 -0.95) (layer F.CrtYd) (width 0.05))
    (fp_line (start -1.68 0.95) (end -1.68 -0.95) (layer F.CrtYd) (width 0.05))
    (fp_line (start -0.258578 0.71) (end 0.258578 0.71) (layer F.SilkS) (width 0.12))
    (fp_line (start -0.258578 -0.71) (end 0.258578 -0.71) (layer F.SilkS) (width 0.12))
    (fp_line (start 1 0.6) (end -1 0.6) (layer F.Fab) (width 0.1))
    (fp_line (start 1 -0.6) (end 1 0.6) (layer F.Fab) (width 0.1))
    (fp_line (start -1 -0.6) (end 1 -0.6) (layer F.Fab) (width 0.1))
    (fp_line (start -1 0.6) (end -1 -0.6) (layer F.Fab) (width 0.1))
    (fp_text user %R (at 0 0) (layer F.Fab)
      (effects (font (size 0.5 0.5) (thickness 0.08)))
    )
    (pad 1 smd roundrect (at -0.9375 0 180) (size 0.975 1.4) (layers F.Cu F.Paste F.Mask) (roundrect_rratio 0.25)
      (net 165 +1V1))
    (pad 2 smd roundrect (at 0.9375 0 180) (size 0.975 1.4) (layers F.Cu F.Paste F.Mask) (roundrect_rratio 0.25)
      (net 1 GND))
    (model ${KISYS3DMOD}/Capacitor_SMD.3dshapes/C_0805_2012Metric.wrl
      (at (xyz 0 0 0))
      (scale (xyz 1 1 1))
      (rotate (xyz 0 0 0))
    )
  )

  (module LED_SMD:LED_0805_2012Metric (layer F.Cu) (tedit 5B36C52C) (tstamp 5E0A08EB)
    (at 137.49 80.38 270)
    (descr "LED SMD 0805 (2012 Metric), square (rectangular) end terminal, IPC_7351 nominal, (Body size source: https://docs.google.com/spreadsheets/d/1BsfQQcO9C6DZCsRaXUlFlo91Tg2WpOkGARC1WS5S8t0/edit?usp=sharing), generated with kicad-footprint-generator")
    (tags diode)
    (path /5E0C043C)
    (attr smd)
    (fp_text reference D1 (at 2.6 0 180) (layer F.SilkS)
      (effects (font (size 1 1) (thickness 0.15)))
    )
    (fp_text value LED (at 0 1.65 90) (layer F.Fab)
      (effects (font (size 1 1) (thickness 0.15)))
    )
    (fp_line (start 1.68 0.95) (end -1.68 0.95) (layer F.CrtYd) (width 0.05))
    (fp_line (start 1.68 -0.95) (end 1.68 0.95) (layer F.CrtYd) (width 0.05))
    (fp_line (start -1.68 -0.95) (end 1.68 -0.95) (layer F.CrtYd) (width 0.05))
    (fp_line (start -1.68 0.95) (end -1.68 -0.95) (layer F.CrtYd) (width 0.05))
    (fp_line (start -1.685 0.96) (end 1 0.96) (layer F.SilkS) (width 0.12))
    (fp_line (start -1.685 -0.96) (end -1.685 0.96) (layer F.SilkS) (width 0.12))
    (fp_line (start 1 -0.96) (end -1.685 -0.96) (layer F.SilkS) (width 0.12))
    (fp_line (start 1 0.6) (end 1 -0.6) (layer F.Fab) (width 0.1))
    (fp_line (start -1 0.6) (end 1 0.6) (layer F.Fab) (width 0.1))
    (fp_line (start -1 -0.3) (end -1 0.6) (layer F.Fab) (width 0.1))
    (fp_line (start -0.7 -0.6) (end -1 -0.3) (layer F.Fab) (width 0.1))
    (fp_line (start 1 -0.6) (end -0.7 -0.6) (layer F.Fab) (width 0.1))
    (fp_text user %R (at 0 0 90) (layer F.Fab)
      (effects (font (size 0.5 0.5) (thickness 0.08)))
    )
    (pad 1 smd roundrect (at -0.9375 0 270) (size 0.975 1.4) (layers F.Cu F.Paste F.Mask) (roundrect_rratio 0.25)
      (net 3 "Net-(D1-Pad1)"))
    (pad 2 smd roundrect (at 0.9375 0 270) (size 0.975 1.4) (layers F.Cu F.Paste F.Mask) (roundrect_rratio 0.25)
      (net 2 +3V3))
    (model ${KISYS3DMOD}/LED_SMD.3dshapes/LED_0805_2012Metric.wrl
      (at (xyz 0 0 0))
      (scale (xyz 1 1 1))
      (rotate (xyz 0 0 0))
    )
  )

  (module Resistor_SMD:R_0805_2012Metric (layer F.Cu) (tedit 5B36C52B) (tstamp 5E0A0964)
    (at 139.89 80.4175 270)
    (descr "Resistor SMD 0805 (2012 Metric), square (rectangular) end terminal, IPC_7351 nominal, (Body size source: https://docs.google.com/spreadsheets/d/1BsfQQcO9C6DZCsRaXUlFlo91Tg2WpOkGARC1WS5S8t0/edit?usp=sharing), generated with kicad-footprint-generator")
    (tags resistor)
    (path /5E0C132F)
    (attr smd)
    (fp_text reference R6 (at 2.6 0.1 180) (layer F.SilkS)
      (effects (font (size 1 1) (thickness 0.15)))
    )
    (fp_text value 200R (at 0 1.65 90) (layer F.Fab)
      (effects (font (size 1 1) (thickness 0.15)))
    )
    (fp_line (start 1.68 0.95) (end -1.68 0.95) (layer F.CrtYd) (width 0.05))
    (fp_line (start 1.68 -0.95) (end 1.68 0.95) (layer F.CrtYd) (width 0.05))
    (fp_line (start -1.68 -0.95) (end 1.68 -0.95) (layer F.CrtYd) (width 0.05))
    (fp_line (start -1.68 0.95) (end -1.68 -0.95) (layer F.CrtYd) (width 0.05))
    (fp_line (start -0.258578 0.71) (end 0.258578 0.71) (layer F.SilkS) (width 0.12))
    (fp_line (start -0.258578 -0.71) (end 0.258578 -0.71) (layer F.SilkS) (width 0.12))
    (fp_line (start 1 0.6) (end -1 0.6) (layer F.Fab) (width 0.1))
    (fp_line (start 1 -0.6) (end 1 0.6) (layer F.Fab) (width 0.1))
    (fp_line (start -1 -0.6) (end 1 -0.6) (layer F.Fab) (width 0.1))
    (fp_line (start -1 0.6) (end -1 -0.6) (layer F.Fab) (width 0.1))
    (fp_text user %R (at 0 0 90) (layer F.Fab)
      (effects (font (size 0.5 0.5) (thickness 0.08)))
    )
    (pad 1 smd roundrect (at -0.9375 0 270) (size 0.975 1.4) (layers F.Cu F.Paste F.Mask) (roundrect_rratio 0.25)
      (net 3 "Net-(D1-Pad1)"))
    (pad 2 smd roundrect (at 0.9375 0 270) (size 0.975 1.4) (layers F.Cu F.Paste F.Mask) (roundrect_rratio 0.25)
      (net 11 "Net-(Q1-Pad3)"))
    (model ${KISYS3DMOD}/Resistor_SMD.3dshapes/R_0805_2012Metric.wrl
      (at (xyz 0 0 0))
      (scale (xyz 1 1 1))
      (rotate (xyz 0 0 0))
    )
  )

  (module Package_SO:SOIC-8_5.23x5.23mm_P1.27mm (layer F.Cu) (tedit 5D9F72B1) (tstamp 5E641218)
    (at 132.93 90.78 270)
    (descr "SOIC, 8 Pin (http://www.winbond.com/resource-files/w25q32jv%20revg%2003272018%20plus.pdf#page=68), generated with kicad-footprint-generator ipc_gullwing_generator.py")
    (tags "SOIC SO")
    (path /5E0FA08B)
    (attr smd)
    (fp_text reference U2 (at 0.22 4.43 180) (layer F.SilkS)
      (effects (font (size 1 1) (thickness 0.15)))
    )
    (fp_text value IS25LP016D-JBLE (at 0 3.56 90) (layer F.Fab)
      (effects (font (size 1 1) (thickness 0.15)))
    )
    (fp_line (start 4.65 -2.86) (end -4.65 -2.86) (layer F.CrtYd) (width 0.05))
    (fp_line (start 4.65 2.86) (end 4.65 -2.86) (layer F.CrtYd) (width 0.05))
    (fp_line (start -4.65 2.86) (end 4.65 2.86) (layer F.CrtYd) (width 0.05))
    (fp_line (start -4.65 -2.86) (end -4.65 2.86) (layer F.CrtYd) (width 0.05))
    (fp_line (start -2.615 -1.615) (end -1.615 -2.615) (layer F.Fab) (width 0.1))
    (fp_line (start -2.615 2.615) (end -2.615 -1.615) (layer F.Fab) (width 0.1))
    (fp_line (start 2.615 2.615) (end -2.615 2.615) (layer F.Fab) (width 0.1))
    (fp_line (start 2.615 -2.615) (end 2.615 2.615) (layer F.Fab) (width 0.1))
    (fp_line (start -1.615 -2.615) (end 2.615 -2.615) (layer F.Fab) (width 0.1))
    (fp_line (start -2.725 -2.465) (end -4.4 -2.465) (layer F.SilkS) (width 0.12))
    (fp_line (start -2.725 -2.725) (end -2.725 -2.465) (layer F.SilkS) (width 0.12))
    (fp_line (start 0 -2.725) (end -2.725 -2.725) (layer F.SilkS) (width 0.12))
